energy	cross_section
1e-11	1192.16
1.0584e-11	1160.31
1.12022e-11	1126.61
1.18564e-11	1096.02
1.25489e-11	1064.4
1.32818e-11	1035.31
1.40575e-11	1006.08
1.48785e-11	977.664
1.57475e-11	950.631
1.66672e-11	923.934
1.76406e-11	898.004
1.86709e-11	874.026
1.97613e-11	848.648
2.09155e-11	825.066
2.2137e-11	801.635
2.34299e-11	779.254
2.47983e-11	757.596
2.62466e-11	736.324
2.77795e-11	715.745
2.94019e-11	696.496
3.11191e-11	676.124
3.29366e-11	657.871
3.48602e-11	638.824
3.68962e-11	621.462
3.9051e-11	603.647
4.13318e-11	587.033
4.37457e-11	570.576
4.63006e-11	554.314
4.90047e-11	539.043
5.18668e-11	524.322
5.4896e-11	509.555
5.81022e-11	495.318
6.14955e-11	481.325
6.50871e-11	468.006
6.88884e-11	454.584
7.29118e-11	442.137
7.71701e-11	429.753
8.16771e-11	417.579
8.64474e-11	405.981
9.14962e-11	395.111
9.68399e-11	383.998
1.02496e-10	373.128
1.08482e-10	362.818
1.14818e-10	352.521
1.21523e-10	342.752
1.28621e-10	333.15
1.36133e-10	323.737
1.44083e-10	314.828
1.52498e-10	305.954
1.61405e-10	297.368
1.70832e-10	289.158
1.80809e-10	281.313
1.91369e-10	273.558
2.02545e-10	265.638
2.14375e-10	258.289
2.26895e-10	251.123
2.40147e-10	244.05
2.54172e-10	237.25
2.69017e-10	230.699
2.84728e-10	224.463
3.01357e-10	218.246
3.18958e-10	212.065
3.37586e-10	206.254
3.57302e-10	200.444
3.7817e-10	194.906
4.00257e-10	189.505
4.23633e-10	184.145
4.48375e-10	179.14
4.74562e-10	174.163
5.02278e-10	169.296
5.31613e-10	164.801
5.62661e-10	160.047
5.95522e-10	155.791
6.30303e-10	151.383
6.67115e-10	147.284
7.06077e-10	143.211
7.47315e-10	139.21
7.90961e-10	135.445
8.37156e-10	131.725
8.86049e-10	128.124
9.37797e-10	124.757
9.92568e-10	121.193
1.05054e-09	117.99
1.11189e-09	114.688
1.17683e-09	111.627
1.24556e-09	108.503
1.31831e-09	105.634
1.3953e-09	102.731
1.47679e-09	99.96
1.56304e-09	97.2827
1.65433e-09	94.6457
1.75095e-09	92.0754
1.85321e-09	89.7503
1.96145e-09	87.2893
2.076e-09	84.9545
2.19725e-09	82.6512
2.32558e-09	80.4917
2.4614e-09	78.3718
2.60515e-09	76.2958
2.75731e-09	74.2818
2.91834e-09	72.4394
3.08878e-09	70.4893
3.26918e-09	68.7045
3.46011e-09	66.8897
3.6622e-09	65.2044
3.87608e-09	63.4833
4.10246e-09	61.9146
4.34206e-09	60.336
4.59565e-09	58.8039
4.86406e-09	57.3539
5.14813e-09	55.9533
5.4488e-09	54.5796
5.76704e-09	53.2298
6.10385e-09	51.9377
6.46034e-09	50.688
6.83765e-09	49.452
7.23699e-09	48.3029
7.65966e-09	47.1603
8.10701e-09	46.049
8.58049e-09	45.0037
9.08162e-09	44.0146
9.61202e-09	43.0284
1.01734e-08	42.0437
1.07676e-08	41.1415
1.13964e-08	40.2236
1.2062e-08	39.3806
1.27665e-08	38.5396
1.35121e-08	37.7384
1.43013e-08	36.9732
1.51365e-08	36.2174
1.60205e-08	35.5061
1.69562e-08	34.8219
1.79465e-08	34.1723
1.89946e-08	33.5502
2.0104e-08	32.904
2.12782e-08	32.3447
2.25209e-08	31.7527
2.38362e-08	31.2297
2.52283e-08	30.6882
2.67017e-08	30.2126
2.82612e-08	29.7144
2.99118e-08	29.2725
3.16587e-08	28.8201
3.35077e-08	28.4114
3.54647e-08	28.0085
3.7536e-08	27.6189
3.97282e-08	27.2609
4.20485e-08	26.9126
4.45043e-08	26.5831
4.71035e-08	26.2801
4.98545e-08	25.9594
5.27662e-08	25.6871
5.58479e-08	25.4026
5.91097e-08	25.1517
6.25619e-08	24.8945
6.62157e-08	24.6689
7.0083e-08	24.4434
7.41761e-08	24.2314
7.85083e-08	24.034
8.30934e-08	23.8432
8.79464e-08	23.6621
9.30828e-08	23.503
9.85192e-08	23.3345
1.04273e-07	23.1851
1.10363e-07	23.0376
1.16809e-07	22.902
1.23631e-07	22.7694
1.30851e-07	22.6494
1.38493e-07	22.53
1.46582e-07	22.4223
1.55143e-07	22.3186
1.64204e-07	22.2189
1.73794e-07	22.1259
1.83944e-07	22.0435
1.94687e-07	21.9587
2.06058e-07	21.8783
2.18092e-07	21.802
2.30829e-07	21.7333
2.44311e-07	21.6665
2.58579e-07	21.6026
2.73681e-07	21.5429
2.89665e-07	21.4899
3.06583e-07	21.4349
3.24489e-07	21.3849
3.4344e-07	21.3363
3.63498e-07	21.2914
3.84728e-07	21.2474
4.07197e-07	21.2079
4.30979e-07	21.1694
4.5615e-07	21.1358
4.82791e-07	21.1003
5.10988e-07	21.0673
5.40831e-07	21.04
5.72418e-07	21.0111
6.05849e-07	20.9806
6.41233e-07	20.9531
6.78683e-07	20.9301
7.18321e-07	20.9058
7.60273e-07	20.8818
8.04676e-07	20.8622
8.51672e-07	20.8414
9.01413e-07	20.8223
9.54059e-07	20.8047
1.00978e-06	20.7871
1.06875e-06	20.7732
1.13117e-06	20.7585
1.19724e-06	20.7429
1.26716e-06	20.7278
1.34117e-06	20.716
1.4195e-06	20.7036
1.5024e-06	20.6905
1.59015e-06	20.6804
1.68302e-06	20.6698
1.78131e-06	20.6594
1.88535e-06	20.6503
1.99546e-06	20.6408
2.112e-06	20.6341
2.23535e-06	20.6271
2.3659e-06	20.6198
2.50408e-06	20.612
2.65033e-06	20.6038
2.80512e-06	20.5964
2.96895e-06	20.591
3.14235e-06	20.5853
3.32587e-06	20.5793
3.52011e-06	20.5731
3.7257e-06	20.5687
3.9433e-06	20.5639
4.1736e-06	20.559
4.41735e-06	20.5547
4.67534e-06	20.5507
4.9484e-06	20.5464
5.2374e-06	20.5431
5.54329e-06	20.5398
5.86704e-06	20.5363
6.20969e-06	20.5326
6.57236e-06	20.5298
6.95621e-06	20.527
7.36248e-06	20.524
7.79248e-06	20.5214
8.24759e-06	20.519
8.72928e-06	20.5164
9.2391e-06	20.5142
9.7787e-06	20.512
1.03498e-05	20.51
1.09543e-05	20.5082
1.15941e-05	20.5063
1.22712e-05	20.5043
1.29879e-05	20.5026
1.37464e-05	20.5011
1.45493e-05	20.4994
1.5399e-05	20.4979
1.62983e-05	20.4965
1.72502e-05	20.4951
1.82577e-05	20.4938
1.9324e-05	20.4926
2.04526e-05	20.4914
2.16471e-05	20.4905
2.29114e-05	20.4895
2.42495e-05	20.4884
2.56658e-05	20.4873
2.71647e-05	20.4861
2.87513e-05	20.4853
3.04305e-05	20.4845
3.22077e-05	20.4836
3.40888e-05	20.4827
3.60797e-05	20.4819
3.81869e-05	20.4812
4.04171e-05	20.4805
4.27776e-05	20.4797
4.5276e-05	20.4791
4.79203e-05	20.4785
5.0719e-05	20.4778
5.36812e-05	20.4773
5.68164e-05	20.4767
6.01346e-05	20.4761
6.36467e-05	20.4756
6.73639e-05	20.4751
7.12982e-05	20.4746
7.54623e-05	20.4741
7.98696e-05	20.4736
8.45343e-05	20.4732
8.94714e-05	20.4727
9.46969e-05	20.4721
0.000100228	20.4714
0.000106081	20.4685
0.000112277	20.4655
0.000118834	20.4622
0.000125774	20.4589
0.00013312	20.4559
0.000140895	20.4527
0.000149124	20.4493
0.000157833	20.4462
0.000167051	20.443
0.000176807	20.4398
0.000187134	20.4367
0.000198063	20.4335
0.000209631	20.4306
0.000221874	20.4278
0.000234832	20.4247
0.000248547	20.4215
0.000263063	20.4181
0.000278427	20.4148
0.000294688	20.4119
0.000311899	20.4089
0.000330115	20.4057
0.000349395	20.4023
0.000369801	20.3994
0.000391399	20.3964
0.000414258	20.3932
0.000438452	20.3901
0.00046406	20.3871
0.000491162	20.384
0.000519848	20.3811
0.000550209	20.3781
0.000582344	20.3751
0.000616355	20.3718
0.000652352	20.3689
0.000690452	20.3659
0.000730777	20.3627
0.000773457	20.3597
0.00081863	20.3567
0.000866441	20.3536
0.000917044	20.3504
0.000970603	20.347
0.00102729	20.3373
0.00108729	20.3201
0.00115079	20.3018
0.001218	20.2825
0.00128913	20.2641
0.00136443	20.2462
0.00144411	20.2274
0.00152845	20.2085
0.00161772	20.1906
0.0017122	20.1718
0.0018122	20.1535
0.00191804	20.1352
0.00203006	20.1165
0.00214862	20.0985
0.00227411	20.0799
0.00240693	20.0619
0.0025475	20.0437
0.00269629	20.0263
0.00285376	20.0079
0.00302043	19.9888
0.00319683	19.9714
0.00338354	19.953
0.00358115	19.9345
0.00379031	19.9167
0.00401167	19.898
0.00424597	19.8804
0.00449395	19.8618
0.00475641	19.8438
0.00503421	19.8217
0.00532822	19.7746
0.00563941	19.7247
0.00596877	19.6719
0.00631737	19.624
0.00668633	19.5741
0.00707684	19.5228
0.00749015	19.4747
0.0079276	19.4238
0.00839061	19.3756
0.00888065	19.3256
0.00939931	19.2769
0.00994827	19.2267
0.0105293	19.1462
0.0111442	19.0582
0.0117951	18.965
0.012484	18.8664
0.0132131	18.782
0.0139848	18.693
0.0148015	18.599
0.015666	18.5121
0.016581	18.4242
0.0175493	18.3319
0.0185743	18.2474
0.0196591	18.158
0.0208073	18.0386
0.0220225	17.9011
0.0233087	17.7663
0.02467	17.6304
0.0261108	17.5032
0.0276358	17.3738
0.0292498	17.2368
0.0309581	17.0851
0.0327662	16.919
0.0346799	16.7431
0.0367053	16.5812
0.038849	16.4146
0.041118	16.2352
0.0435194	16.0421
0.0460611	15.8483
0.0487512	15.659
0.0515985	15.4569
0.054612	15.2414
0.0578016	15.0346
0.0611774	14.8187
0.0647504	14.5898
0.0685321	14.3685
0.0725346	14.137
0.0767709	13.9011
0.0812546	13.6645
0.0860001	13.42
0.0910229	13.1773
0.0963389	12.928
0.101966	12.6802
0.107921	12.4229
0.114224	12.1717
0.120895	11.9183
0.127955	11.6595
0.135429	11.4057
0.143338	11.1498
0.15171	10.8904
0.16057	10.6365
0.169948	10.379
0.179873	10.1283
0.190379	9.8758
0.201497	9.6301
0.213266	9.38704
0.225721	9.14216
0.238904	8.8984
0.252857	8.66387
0.267625	8.42972
0.283255	8.19815
0.299798	7.97068
0.317308	7.75017
0.33584	7.53319
0.355454	7.32035
0.376214	7.11193
0.398186	6.9079
0.421442	6.70908
0.446055	6.51594
0.472107	6.3269
0.499679	6.14179
0.528863	5.96743
0.55975	5.79045
0.592442	5.61999
0.627042	5.45613
0.663664	5.29442
0.702424	5.13644
0.743449	4.9853
0.786869	4.83831
0.832825	4.69503
0.881465	4.55567
0.932946	4.42011
0.987433	4.28829
1.0451	4.16325
1.10614	4.0358
1.17074	3.91654
1.23912	3.79865
1.31149	3.68247
1.38808	3.57072
1.46915	3.46247
1.55496	3.35631
1.64577	3.2526
1.74189	3.15142
1.84363	3.05265
1.9513	2.95616
2.06526	2.86183
2.18588	2.76944
2.31355	2.67934
2.44867	2.59142
2.59168	2.50487
2.74304	2.42065
2.90324	2.33776
3.07281	2.25768
3.25227	2.17817
3.44221	2.10043
3.64325	2.02444
3.85603	1.95009
4.08124	1.87733
4.3196	1.80607
4.57188	1.73626
4.83889	1.66818
5.1215	1.60158
5.42062	1.53646
5.7372	1.47322
6.07227	1.41165
6.42692	1.35134
6.80227	1.29269
7.19955	1.2368
7.62003	1.18119
8.06507	1.12726
8.5361	1.07496
9.03464	1.0245
9.5623	0.975748
10.1208	0.92863
10.7119	0.883081
11.3375	0.839016
11.9996	0.796335
12.7004	0.755722
13.4422	0.716309
14.2273	0.678643
15.0582	0.642282
15.9377	0.607495
16.8685	0.57416
17.8537	0.542211
18.8964	0.511607
20	0.482296
