energy	h1_total	o16_total
1e-05	1192.16	56.1524
1.0584e-05	1160.31	54.6582
1.12022e-05	1126.61	53.0768
1.18564e-05	1096.02	51.6423
1.25489e-05	1064.4	50.1588
1.32818e-05	1035.31	48.7948
1.40575e-05	1006.08	47.4245
1.48785e-05	977.664	46.0921
1.57475e-05	950.631	44.825
1.66672e-05	923.934	43.5738
1.76406e-05	898.004	42.3587
1.86709e-05	874.026	41.2355
1.97613e-05	848.648	40.0467
2.09155e-05	825.066	38.9424
2.2137e-05	801.635	37.8454
2.34299e-05	779.254	36.7978
2.47983e-05	757.596	35.7843
2.62466e-05	736.324	34.7892
2.77795e-05	715.745	33.8267
2.94019e-05	696.496	32.9269
3.11191e-05	676.124	31.9745
3.29366e-05	657.871	31.1218
3.48602e-05	638.824	30.232
3.68962e-05	621.462	29.4214
3.9051e-05	603.647	28.5899
4.13318e-05	587.033	27.8148
4.37457e-05	570.576	27.0474
4.63006e-05	554.314	26.2894
4.90047e-05	539.043	25.578
5.18668e-05	524.322	24.8927
5.4896e-05	509.555	24.2055
5.81022e-05	495.318	23.5433
6.14955e-05	481.325	22.8929
6.50871e-05	468.006	22.2743
6.88884e-05	454.584	21.6512
7.29118e-05	442.137	21.074
7.71701e-05	429.753	20.5
8.16771e-05	417.579	19.9362
8.64474e-05	405.981	19.3996
9.14962e-05	395.111	18.8974
9.68399e-05	383.998	18.3842
0.000102496	373.128	17.8827
0.000108482	362.818	17.4076
0.000114818	352.521	16.9336
0.000121523	342.752	16.4846
0.000128621	333.15	16.0437
0.000136133	323.737	15.612
0.000144083	314.828	15.2043
0.000152498	305.954	14.7985
0.000161405	297.368	14.4066
0.000170832	289.158	14.0326
0.000180809	281.313	13.6761
0.000191369	273.558	13.3241
0.000202545	265.638	12.965
0.000214375	258.289	12.6328
0.000226895	251.123	12.3097
0.000240147	244.05	11.9944
0.000254172	237.25	11.7056
0.000269017	230.699	11.3999
0.000284728	224.463	11.1148
0.000301357	218.246	10.8381
0.000318958	212.065	10.5636
0.000337586	206.254	10.3067
0.000357302	200.444	10.0505
0.00037817	194.906	9.80737
0.000400257	189.505	9.5711
0.000423633	184.145	9.33734
0.000448375	179.14	9.12042
0.000474562	174.163	8.90541
0.000502278	169.296	8.69609
0.000531613	164.801	8.50433
0.000562661	160.047	8.30154
0.000595522	155.791	8.12192
0.000630303	151.383	7.93614
0.000667115	147.284	7.76502
0.000706077	143.211	7.59578
0.000747315	139.21	7.43047
0.000790961	135.445	7.28499
0.000837156	131.725	7.13306
0.000886049	128.124	6.97995
0.000937797	124.757	6.84576
0.000992568	121.193	6.70374
0.00105054	117.99	6.57825
0.00111189	114.688	6.4493
0.00117683	111.627	6.33153
0.00124556	108.503	6.21188
0.00131831	105.634	6.10397
0.0013953	102.731	5.99536
0.00147679	99.96	5.8932
0.00156304	97.2827	5.80007
0.00165433	94.6457	5.70734
0.00175095	92.0754	5.60941
0.00185321	89.7503	5.52882
0.00196145	87.2893	5.44353
0.002076	84.9545	5.36761
0.00219725	82.6512	5.29498
0.00232558	80.4917	5.2181
0.0024614	78.3718	5.14977
0.00260515	76.2958	5.08535
0.00275731	74.2818	5.0179
0.00291834	72.4394	4.96194
0.00308878	70.4893	4.9027
0.00326918	68.7045	4.85016
0.00346011	66.8897	4.79725
0.0036622	65.2044	4.75265
0.00387608	63.4833	4.70843
0.00410246	61.9146	4.66162
0.00434206	60.336	4.61761
0.00459565	58.8039	4.58044
0.00486406	57.3539	4.54109
0.00514813	55.9533	4.50626
0.0054488	54.5796	4.47603
0.00576704	53.2298	4.44403
0.00610385	51.9377	4.41016
0.00646034	50.688	4.38129
0.00683765	49.452	4.35586
0.00723699	48.3029	4.32894
0.00765966	47.1603	4.30351
0.00810701	46.049	4.28193
0.00858049	45.0037	4.25908
0.00908162	44.0146	4.23889
0.00961202	43.0284	4.21968
0.0101734	42.0437	4.20122
0.0107676	41.1415	4.18615
0.0113964	40.2236	4.1702
0.012062	39.3806	4.15331
0.0127665	38.5396	4.13769
0.0135121	37.7384	4.12508
0.0143013	36.9732	4.11173
0.0151365	36.2174	4.09826
0.0160205	35.5061	4.08757
0.0169562	34.8219	4.07626
0.0179465	34.1723	4.06565
0.0189946	33.5502	4.05615
0.020104	32.904	4.04638
0.0212782	32.3447	4.03902
0.0225209	31.7527	4.03123
0.0238362	31.2297	4.02298
0.0252283	30.6882	4.01425
0.0267017	30.2126	4.00913
0.0282612	29.7144	4.00394
0.0299118	29.2725	3.99844
0.0316587	28.8201	3.99262
0.0335077	28.4114	3.98646
0.0354647	28.0085	3.97994
0.037536	27.6189	3.97304
0.0397282	27.2609	3.96916
0.0420485	26.9126	3.96525
0.0445043	26.5831	3.96111
0.0471035	26.2801	3.95673
0.0498545	25.9594	3.95209
0.0527662	25.6871	3.94903
0.0558479	25.4026	3.9459
0.0591097	25.1517	3.94259
0.0625619	24.8945	3.93911
0.0662157	24.6689	3.93663
0.070083	24.4434	3.93401
0.0741761	24.2314	3.93124
0.0785083	24.034	3.92899
0.0830934	23.8432	3.92677
0.0879464	23.6621	3.92447
0.0930828	23.503	3.92261
0.0985192	23.3345	3.92064
0.104273	23.1851	3.91901
0.110363	23.0376	3.91747
0.116809	22.902	3.91583
0.123631	22.7694	3.9141
0.130851	22.6494	3.91276
0.138493	22.53	3.91146
0.146582	22.4223	3.91009
0.155143	22.3186	3.90889
0.164204	22.2189	3.90779
0.173794	22.1259	3.90663
0.183944	22.0435	3.90568
0.194687	21.9587	3.9047
0.206058	21.8783	3.90387
0.218092	21.802	3.90317
0.230829	21.7333	3.90244
0.244311	21.6665	3.90166
0.258579	21.6026	3.90083
0.273681	21.5429	3.89996
0.289665	21.4899	3.8994
0.306583	21.4349	3.89884
0.324489	21.3849	3.89825
0.34344	21.3363	3.89762
0.363498	21.2914	3.89712
0.384728	21.2474	3.89667
0.407197	21.2079	3.89619
0.430979	21.1694	3.89572
0.45615	21.1358	3.89534
0.482791	21.1003	3.89494
0.510988	21.0673	3.89457
0.540831	21.04	3.89427
0.572418	21.0111	3.89394
0.605849	20.9806	3.8936
0.641233	20.9531	3.8933
0.678683	20.9301	3.89304
0.718321	20.9058	3.89278
0.760273	20.8818	3.89251
0.804676	20.8622	3.89229
0.851672	20.8414	3.89207
0.901413	20.8223	3.89186
0.954059	20.8047	3.89167
1.00978	20.7871	3.89147
1.06875	20.7732	3.89132
1.13117	20.7585	3.89116
1.19724	20.7429	3.89099
1.26716	20.7278	3.89083
1.34117	20.716	3.8907
1.4195	20.7036	3.89057
1.5024	20.6905	3.89043
1.59015	20.6804	3.89033
1.68302	20.6698	3.89021
1.78131	20.6594	3.8901
1.88535	20.6503	3.89001
1.99546	20.6408	3.88991
2.112	20.6341	3.88984
2.23535	20.6271	3.88976
2.3659	20.6198	3.88969
2.50408	20.612	3.88961
2.65033	20.6038	3.88952
2.80512	20.5964	3.88945
2.96895	20.591	3.88939
3.14235	20.5853	3.88933
3.32587	20.5793	3.88927
3.52011	20.5731	3.88921
3.7257	20.5687	3.88916
3.9433	20.5639	3.88912
4.1736	20.559	3.88907
4.41735	20.5547	3.88903
4.67534	20.5507	3.88899
4.9484	20.5464	3.88894
5.2374	20.5431	3.88891
5.54329	20.5398	3.88888
5.86704	20.5363	3.88885
6.20969	20.5326	3.88881
6.57236	20.5298	3.88878
6.95621	20.527	3.88876
7.36248	20.524	3.88873
7.79248	20.5214	3.8887
8.24759	20.519	3.88868
8.72928	20.5164	3.88865
9.2391	20.5142	3.88863
9.7787	20.512	3.88861
10.3498	20.51	3.88859
10.9543	20.5082	3.88858
11.5941	20.5063	3.88856
12.2712	20.5043	3.88854
12.9879	20.5026	3.88852
13.7464	20.5011	3.88851
14.5493	20.4994	3.88849
15.399	20.4979	3.88848
16.2983	20.4965	3.88847
17.2502	20.4951	3.88845
18.2577	20.4938	3.88844
19.324	20.4926	3.88843
20.4526	20.4914	3.88842
21.6471	20.4905	3.88841
22.9114	20.4895	3.8884
24.2495	20.4884	3.88838
25.6658	20.4873	3.88837
27.1647	20.4861	3.88836
28.7513	20.4853	3.88835
30.4305	20.4845	3.88834
32.2077	20.4836	3.88833
34.0888	20.4827	3.88832
36.0797	20.4819	3.88831
38.1869	20.4812	3.8883
40.4171	20.4805	3.88829
42.7776	20.4797	3.88828
45.276	20.4791	3.88827
47.9203	20.4785	3.88826
50.719	20.4778	3.88825
53.6812	20.4773	3.88824
56.8164	20.4767	3.88823
60.1346	20.4761	3.88822
63.6467	20.4756	3.88821
67.3639	20.4751	3.8882
71.2982	20.4746	3.88818
75.4623	20.4741	3.88817
79.8696	20.4736	3.88816
84.5343	20.4732	3.88815
89.4714	20.4727	3.88813
94.6969	20.4721	3.88812
100.228	20.4714	3.8881
106.081	20.4685	3.88809
112.277	20.4655	3.88807
118.834	20.4622	3.88806
125.774	20.4589	3.88804
133.12	20.4559	3.88802
140.895	20.4527	3.888
149.124	20.4493	3.88798
157.833	20.4462	3.88796
167.051	20.443	3.88794
176.807	20.4398	3.88791
187.134	20.4367	3.88789
198.063	20.4335	3.88786
209.631	20.4306	3.88784
221.874	20.4278	3.88781
234.832	20.4247	3.88778
248.547	20.4215	3.88774
263.063	20.4181	3.88771
278.427	20.4148	3.88767
294.688	20.4119	3.88764
311.899	20.4089	3.8876
330.115	20.4057	3.88755
349.395	20.4023	3.88751
369.801	20.3994	3.88746
391.399	20.3964	3.88741
414.258	20.3932	3.88736
438.452	20.3901	3.8873
464.06	20.3871	3.88724
491.162	20.384	3.88718
519.848	20.3811	3.88711
550.209	20.3781	3.88704
582.344	20.3751	3.88697
616.355	20.3718	3.88689
652.352	20.3689	3.88681
690.452	20.3659	3.88672
730.777	20.3627	3.88662
773.457	20.3597	3.88653
818.63	20.3567	3.88642
866.441	20.3536	3.88631
917.044	20.3504	3.8862
970.603	20.347	3.88607
1027.29	20.3373	3.88594
1087.29	20.3201	3.8858
1150.79	20.3018	3.88565
1218	20.2825	3.8855
1289.13	20.2641	3.88533
1364.43	20.2462	3.88516
1444.11	20.2274	3.88497
1528.45	20.2085	3.88477
1617.72	20.1906	3.88457
1712.2	20.1718	3.88435
1812.2	20.1535	3.88411
1918.04	20.1352	3.88387
2030.06	20.1165	3.88361
2148.62	20.0985	3.88333
2274.11	20.0799	3.88304
2406.93	20.0619	3.88273
2547.5	20.0437	3.8824
2696.29	20.0263	3.88206
2853.76	20.0079	3.88169
3020.43	19.9888	3.8813
3196.83	19.9714	3.88089
3383.54	19.953	3.88046
3581.15	19.9345	3.88
3790.31	19.9167	3.87951
4011.67	19.898	3.879
4245.97	19.8804	3.87845
4493.95	19.8618	3.87788
4756.41	19.8438	3.87727
5034.21	19.8217	3.87662
5328.22	19.7746	3.87594
5639.41	19.7247	3.87522
5968.77	19.6719	3.87445
6317.37	19.624	3.87364
6686.33	19.5741	3.87279
7076.84	19.5228	3.87188
7490.15	19.4747	3.87092
7927.6	19.4238	3.86991
8390.61	19.3756	3.86883
8880.65	19.3256	3.8677
9399.31	19.2769	3.86649
9948.27	19.2267	3.86522
10529.3	19.1462	3.86391
11144.2	19.0582	3.86253
11795.1	18.965	3.86107
12484	18.8664	3.85952
13213.1	18.782	3.85788
13984.8	18.693	3.85614
14801.5	18.599	3.85431
15666	18.5121	3.85237
16581	18.4242	3.85031
17549.3	18.3319	3.84813
18574.3	18.2474	3.84583
19659.1	18.158	3.84339
20807.3	18.0386	3.84081
22022.5	17.9011	3.83808
23308.7	17.7663	3.83519
24670	17.6304	3.83213
26110.8	17.5032	3.82889
27635.8	17.3738	3.82546
29249.8	17.2368	3.82184
30958.1	17.0851	3.818
32766.2	16.919	3.81393
34679.9	16.7431	3.80963
36705.3	16.5812	3.80508
38849	16.4146	3.80026
41118	16.2352	3.79516
43519.4	16.0421	3.78977
46061.1	15.8483	3.78405
48751.2	15.659	3.77801
51598.5	15.4569	3.77186
54612	15.2414	3.76557
57801.6	15.0346	3.75891
61177.4	14.8187	3.75186
64750.4	14.5898	3.7444
68532.1	14.3685	3.73651
72534.6	14.137	3.72815
76770.9	13.9011	3.7193
81254.6	13.6645	3.70994
86000.1	13.42	3.70003
91022.9	13.1773	3.68954
96338.9	12.928	3.67845
101966	12.6802	3.66715
107921	12.4229	3.65607
114224	12.1717	3.64434
120895	11.9183	3.63194
127955	11.6595	3.6188
135429	11.4057	3.6049
143338	11.1498	3.59019
151710	10.8904	3.57523
160570	10.6365	3.56188
169948	10.379	3.54776
179873	10.1283	3.53281
190379	9.8758	3.51699
201497	9.6301	3.50085
213266	9.38704	3.48785
225721	9.14216	3.47611
238904	8.8984	3.46623
252857	8.66387	3.46245
267625	8.42972	3.46512
283255	8.19815	3.47807
299798	7.97068	3.50835
317308	7.75017	3.57654
335840	7.53319	3.71279
355454	7.32035	3.99857
376214	7.11193	4.67326
398186	6.9079	6.60366
421442	6.70908	12.9639
446055	6.51594	13.8112
472107	6.3269	6.7174
499679	6.14179	4.49365
528863	5.96743	3.70368
559750	5.79045	3.32699
592442	5.61999	3.1108
627042	5.45613	2.96733
663664	5.29442	2.86122
702424	5.13644	2.78182
743449	4.9853	2.7275
786869	4.83831	2.70914
832825	4.69503	2.76609
881465	4.55567	3.03715
932946	4.42011	4.17216
987433	4.28829	7.81646
1.0451e+06	4.16325	5.59024
1.10614e+06	4.0358	3.51697
1.17074e+06	3.91654	2.85027
1.23912e+06	3.79865	2.7447
1.31149e+06	3.68247	6.67831
1.38808e+06	3.57072	2.50677
1.46915e+06	3.46247	2.10564
1.55496e+06	3.35631	1.93393
1.64577e+06	3.2526	2.81251
1.74189e+06	3.15142	1.69088
1.84363e+06	3.05265	2.34156
1.9513e+06	2.95616	1.81195
2.06526e+06	2.86183	1.49166
2.18588e+06	2.76944	1.28669
2.31355e+06	2.67934	0.413298
2.44867e+06	2.59142	0.889714
2.59168e+06	2.50487	1.09107
2.74304e+06	2.42065	1.09056
2.90324e+06	2.33776	1.08653
3.07281e+06	2.25768	1.39659
3.25227e+06	2.17817	2.90309
3.44221e+06	2.10043	4.69243
3.64325e+06	2.02444	3.06214
3.85603e+06	1.95009	2.40934
4.08124e+06	1.87733	1.21681
4.3196e+06	1.80607	2.97512
4.57188e+06	1.73626	1.32462
4.83889e+06	1.66818	2.01998
5.1215e+06	1.60158	3.51093
5.42062e+06	1.53646	0.980783
5.7372e+06	1.47322	1.39248
6.07227e+06	1.41165	1.33516
6.42692e+06	1.35134	1.10433
6.80227e+06	1.29269	1.41935
7.19955e+06	1.2368	1.82295
7.62003e+06	1.18119	1.15627
8.06507e+06	1.12726	0.901081
8.5361e+06	1.07496	1.11363
9.03464e+06	1.0245	1.3291
9.5623e+06	0.975748	1.21637
1.01208e+07	0.92863	1.40296
1.07119e+07	0.883081	1.2349
1.13375e+07	0.839016	1.6301
1.19996e+07	0.796335	1.64883
1.27004e+07	0.755722	1.55214
1.34422e+07	0.716309	1.5974
1.42273e+07	0.678643	1.61566
1.50582e+07	0.642282	1.75609
1.59377e+07	0.607495	1.59484
1.68685e+07	0.57416	1.58627
1.78537e+07	0.542211	1.62471
1.88964e+07	0.511607	1.67883
2e+07	0.482296	1.6398
