energy	cross_section
1e-11	136.203
1.0584e-11	132.563
1.12022e-11	128.711
1.18564e-11	125.216
1.25489e-11	121.602
1.32818e-11	118.278
1.40575e-11	114.938
1.48785e-11	111.69
1.57475e-11	108.6
1.66672e-11	105.549
1.76406e-11	102.586
1.86709e-11	99.8454
1.97613e-11	96.9449
2.09155e-11	94.2497
2.2137e-11	91.5717
2.34299e-11	89.0136
2.47983e-11	86.5382
2.62466e-11	84.1069
2.77795e-11	81.7546
2.94019e-11	79.5544
3.11191e-11	77.2258
3.29366e-11	75.1393
3.48602e-11	72.962
3.68962e-11	70.9773
3.9051e-11	68.9408
4.13318e-11	67.0414
4.37457e-11	65.16
4.63006e-11	63.3008
4.90047e-11	61.5548
5.18668e-11	59.8717
5.4896e-11	58.1833
5.81022e-11	56.5554
6.14955e-11	54.9553
6.50871e-11	53.4322
6.88884e-11	51.8973
7.29118e-11	50.4737
7.71701e-11	49.0574
8.16771e-11	47.665
8.64474e-11	46.3384
9.14962e-11	45.0949
9.68399e-11	43.8236
1.02496e-10	42.58
1.08482e-10	41.4004
1.14818e-10	40.2223
1.21523e-10	39.1044
1.28621e-10	38.0055
1.36133e-10	36.9281
1.44083e-10	35.9085
1.52498e-10	34.8926
1.61405e-10	33.9096
1.70832e-10	32.9695
1.80809e-10	32.0711
1.91369e-10	31.1829
2.02545e-10	30.2758
2.14375e-10	29.4339
2.26895e-10	28.6129
2.40147e-10	27.8023
2.54172e-10	27.023
2.69017e-10	26.2719
2.84728e-10	25.5569
3.01357e-10	24.8438
3.18958e-10	24.1349
3.37586e-10	23.4682
3.57302e-10	22.8015
3.7817e-10	22.1658
4.00257e-10	21.5457
4.23633e-10	20.9301
4.48375e-10	20.3551
4.74562e-10	19.7831
5.02278e-10	19.2236
5.31613e-10	18.7066
5.62661e-10	18.1599
5.95522e-10	17.67
6.30303e-10	17.1625
6.67115e-10	16.6903
7.06077e-10	16.221
7.47315e-10	15.7596
7.90961e-10	15.3253
8.37156e-10	14.8958
8.86049e-10	14.4799
9.37797e-10	14.0907
9.92568e-10	13.6787
1.05054e-09	13.3078
1.11189e-09	12.9255
1.17683e-09	12.5706
1.24556e-09	12.2083
1.31831e-09	11.8751
1.3953e-09	11.5377
1.47679e-09	11.2154
1.56304e-09	10.9036
1.65433e-09	10.5962
1.75095e-09	10.2962
1.85321e-09	10.0243
1.96145e-09	9.73651
2.076e-09	9.46301
2.19725e-09	9.1929
2.32558e-09	8.93913
2.4614e-09	8.68965
2.60515e-09	8.44499
2.75731e-09	8.20718
2.91834e-09	7.9889
3.08878e-09	7.75788
3.26918e-09	7.54564
3.46011e-09	7.3296
3.6622e-09	7.12826
3.87608e-09	6.92242
4.10246e-09	6.73397
4.34206e-09	6.54405
4.59565e-09	6.35921
4.86406e-09	6.1836
5.14813e-09	6.0134
5.4488e-09	5.84595
5.76704e-09	5.68088
6.10385e-09	5.52216
6.46034e-09	5.36802
6.83765e-09	5.21507
7.23699e-09	5.07205
7.65966e-09	4.92942
8.10701e-09	4.79013
8.58049e-09	4.65828
9.08162e-09	4.5326
9.61202e-09	4.40675
1.01734e-08	4.28054
1.07676e-08	4.16351
1.13964e-08	4.04408
1.2062e-08	3.93307
1.27665e-08	3.82182
1.35121e-08	3.7149
1.43013e-08	3.61195
1.51365e-08	3.50969
1.60205e-08	3.41255
1.69562e-08	3.31837
1.79465e-08	3.22792
1.89946e-08	3.14027
2.0104e-08	3.04899
2.12782e-08	2.96776
2.25209e-08	2.88179
2.38362e-08	2.80407
2.52283e-08	2.72334
2.67017e-08	2.65059
2.82612e-08	2.57429
2.99118e-08	2.50477
3.16587e-08	2.43323
3.35077e-08	2.36699
3.54647e-08	2.30097
3.7536e-08	2.23616
3.97282e-08	2.17529
4.20485e-08	2.11541
4.45043e-08	2.05769
4.71035e-08	2.00305
4.98545e-08	1.94522
5.27662e-08	1.89367
5.58479e-08	1.83965
5.91097e-08	1.79025
6.25619e-08	1.73926
6.62157e-08	1.69279
7.0083e-08	1.64579
7.41761e-08	1.60045
7.85083e-08	1.55713
8.30934e-08	1.51455
8.79464e-08	1.47336
9.30828e-08	1.43545
9.85192e-08	1.39532
1.04273e-07	1.35815
1.10363e-07	1.32075
1.16809e-07	1.2853
1.23631e-07	1.24997
1.30851e-07	1.21688
1.38493e-07	1.18349
1.46582e-07	1.15223
1.55143e-07	1.12154
1.64204e-07	1.09143
1.73794e-07	1.0627
1.83944e-07	1.03611
1.94687e-07	1.00851
2.06058e-07	0.981658
2.18092e-07	0.955438
2.30829e-07	0.931236
2.44311e-07	0.907879
2.58579e-07	0.885287
2.73681e-07	0.861376
2.89665e-07	0.840449
3.06583e-07	0.818717
3.24489e-07	0.798387
3.4344e-07	0.778265
3.63498e-07	0.759226
3.84728e-07	0.740235
4.07197e-07	0.722768
4.30979e-07	0.705512
4.5615e-07	0.689897
4.82791e-07	0.67337
5.10988e-07	0.657746
5.40831e-07	0.644306
5.72418e-07	0.630082
6.05849e-07	0.615027
6.41233e-07	0.601267
6.78683e-07	0.589421
7.18321e-07	0.576883
7.60273e-07	0.564469
8.04676e-07	0.554125
8.51672e-07	0.543177
9.01413e-07	0.533123
9.54059e-07	0.523916
1.00978e-06	0.514745
1.06875e-06	0.507886
1.13117e-06	0.500627
1.19724e-06	0.492944
1.26716e-06	0.485709
1.34117e-06	0.480968
1.4195e-06	0.47595
1.5024e-06	0.470725
1.59015e-06	0.468275
1.68302e-06	0.465681
1.78131e-06	0.463844
1.88535e-06	0.463955
1.99546e-06	0.464073
2.112e-06	0.468997
2.23535e-06	0.474414
2.3659e-06	0.480148
2.50408e-06	0.486217
2.65033e-06	0.495895
2.80512e-06	0.511859
2.96895e-06	0.528757
3.14235e-06	0.553247
3.32587e-06	0.583223
3.52011e-06	0.618958
3.7257e-06	0.671374
3.9433e-06	0.741421
4.1736e-06	0.839765
4.41735e-06	1.74145
4.67534e-06	1.16271
4.9484e-06	1.46563
5.2374e-06	1.99502
5.54329e-06	3.0795
5.86704e-06	5.72146
6.20969e-06	16.9199
6.57236e-06	725.278
6.95621e-06	44.3547
7.36248e-06	7.01905
7.79248e-06	2.68456
8.24759e-06	1.38304
8.72928e-06	0.849178
9.2391e-06	0.592385
9.7787e-06	0.456781
1.03498e-05	0.812526
1.09543e-05	0.325066
1.15941e-05	0.299397
1.22712e-05	0.277325
1.29879e-05	0.278667
1.37464e-05	0.294739
1.45493e-05	0.328868
1.5399e-05	0.390241
1.62983e-05	0.499631
1.72502e-05	0.717334
1.82577e-05	1.26247
1.9324e-05	3.38552
2.04526e-05	46.6256
2.16471e-05	12.4928
2.29114e-05	1.83169
2.42495e-05	0.833657
2.56658e-05	0.453767
2.71647e-05	0.380617
2.87513e-05	0.375936
3.04305e-05	0.487062
3.22077e-05	0.818462
3.40888e-05	2.24265
3.60797e-05	41.7987
3.81869e-05	6.18078
4.04171e-05	0.996096
4.27776e-05	0.388489
4.5276e-05	0.746185
4.79203e-05	0.13776
5.0719e-05	0.107183
5.36812e-05	0.100165
5.68164e-05	0.118908
6.01346e-05	0.213234
6.36467e-05	2.39883
6.73639e-05	3.36056
7.12982e-05	0.23548
7.54623e-05	0.105721
7.98696e-05	0.556501
8.45343e-05	0.0932178
8.94714e-05	2.8884
9.46969e-05	0.206029
0.000100228	2.05858
0.000106081	0.900216
0.000112277	0.279072
0.000118834	0.969727
0.000125774	0.0738088
0.00013312	0.472613
0.000140895	0.0270183
0.000149124	0.0298911
0.000157833	0.0318461
0.000167051	0.140134
0.000176807	0.0965542
0.000187134	2.15336
0.000198063	0.229292
0.000209631	3.53111
0.000221874	0.044523
0.000234832	0.310958
0.000248547	0.0256351
0.000263063	0.0714024
0.000278427	0.166021
0.000294688	1.36078
0.000311899	2.03227
0.000330115	0.0155109
0.000349395	1.50078
0.000369801	0.0115705
0.000391399	0.0137759
0.000414258	0.0528374
0.000438452	0.0287941
0.00046406	1.39914
0.000491162	0.0116534
0.000519848	0.833971
0.000550209	0.160941
0.000582344	0.266366
0.000616355	0.554738
0.000652352	0.0434097
0.000690452	0.142355
0.000730777	1.14385
0.000773457	0.0196453
0.00081863	0.166757
0.000866441	18.7602
0.000917044	0.0223467
0.000970603	0.0422106
0.00102729	0.0322334
0.00108729	0.00944205
0.00115079	0.0402622
0.001218	0.0165042
0.00128913	0.475622
0.00136443	0.00523218
0.00144411	19.4648
0.00152845	1.20517
0.00161772	0.0515073
0.0017122	3.33376
0.0018122	0.022302
0.00191804	8.93741
0.00203006	14.5515
0.00214862	0.220302
0.00227411	0.0621847
0.00240693	0.0105239
0.0025475	10.29
0.00269629	10.0075
0.00285376	0.0149099
0.00302043	0.0170355
0.00319683	0.0331433
0.00338354	1.83327
0.00358115	0.13616
0.00379031	0.850117
0.00401167	0.0513968
0.00424597	0.0512891
0.00449395	0.0163745
0.00475641	0.887065
0.00503421	0.812529
0.00532822	0.955029
0.00563941	2.77669
0.00596877	2.42696
0.00631737	0.334803
0.00668633	0.293532
0.00707684	1.36027
0.00749015	0.230766
0.0079276	1.29942
0.00839061	0.0162557
0.00888065	1.16291
0.00939931	0.0135206
0.00994827	0.333361
0.0105293	0.704756
0.0111442	0.688758
0.0117951	0.671825
0.012484	0.656309
0.0132131	0.640966
0.0139848	0.624727
0.0148015	0.610314
0.015666	0.595115
0.016581	0.580521
0.0175493	0.565985
0.0185743	0.551749
0.0196591	0.537636
0.0208073	0.524269
0.0220225	0.510822
0.0233087	0.497151
0.02467	0.484559
0.0261108	0.471856
0.0276358	0.45975
0.0292498	0.44741
0.0309581	0.436035
0.0327662	0.424791
0.0346799	0.413111
0.0367053	0.402903
0.038849	0.392526
0.041118	0.382611
0.0435194	0.373244
0.0460611	0.358631
0.0487512	0.335015
0.0515985	0.314278
0.054612	0.295843
0.0578016	0.27967
0.0611774	0.264634
0.0647504	0.251766
0.0685321	0.238146
0.0725346	0.226607
0.0767709	0.216178
0.0812546	0.205986
0.0860001	0.197589
0.0910229	0.189182
0.0963389	0.18215
0.101966	0.175496
0.107921	0.170071
0.114224	0.164329
0.120895	0.158545
0.127955	0.154425
0.135429	0.150064
0.143338	0.146071
0.15171	0.14259
0.16057	0.139026
0.169948	0.136118
0.179873	0.13304
0.190379	0.130642
0.201497	0.128251
0.213266	0.126119
0.225721	0.123863
0.238904	0.121901
0.252857	0.12004
0.267625	0.118326
0.283255	0.116762
0.299798	0.115108
0.317308	0.114446
0.33584	0.114078
0.355454	0.113776
0.376214	0.112983
0.398186	0.112215
0.421442	0.111575
0.446055	0.110979
0.472107	0.110201
0.499679	0.109682
0.528863	0.110288
0.55975	0.110815
0.592442	0.111797
0.627042	0.114875
0.663664	0.118138
0.702424	0.120673
0.743449	0.121622
0.786869	0.124043
0.832825	0.127529
0.881465	0.133371
0.932946	0.140092
0.987433	0.140133
1.0451	0.139477
1.10614	0.144676
1.17074	0.144409
1.23912	0.134293
1.31149	0.162533
1.38808	0.247312
1.46915	0.386647
1.55496	0.468875
1.64577	0.4996
1.74189	0.524635
1.84363	0.546747
1.9513	0.564745
2.06526	0.575832
2.18588	0.576933
2.31355	0.572045
2.44867	0.565945
2.59168	0.558437
2.74304	0.55049
2.90324	0.539912
3.07281	0.533659
3.25227	0.536352
3.44221	0.540682
3.64325	0.545763
3.85603	0.550795
4.08124	0.554005
4.3196	0.553433
4.57188	0.551876
4.83889	0.54645
5.1215	0.543424
5.42062	0.548923
5.7372	0.569785
6.07227	0.642194
6.42692	0.792933
6.80227	0.905703
7.19955	0.959841
7.62003	0.986711
8.06507	0.995368
8.5361	1.00088
9.03464	0.998571
9.5623	0.992804
10.1208	0.987562
10.7119	0.985322
11.3375	0.98454
11.9996	0.986149
12.7004	1.00567
13.4422	1.0657
14.2273	1.14243
15.0582	1.20227
15.9377	1.25607
16.8685	1.257
17.8537	1.2507
18.8964	1.29096
20	1.35241
