energy	macroscopic_cross_section
1e-11	2.09274e+25
1.0584e-11	2.0371e+25
1.12022e-11	1.97821e+25
1.18564e-11	1.92479e+25
1.25489e-11	1.86954e+25
1.32818e-11	1.81875e+25
1.40575e-11	1.76773e+25
1.48785e-11	1.71811e+25
1.57475e-11	1.67093e+25
1.66672e-11	1.62435e+25
1.76406e-11	1.57911e+25
1.86709e-11	1.53729e+25
1.97613e-11	1.49303e+25
2.09155e-11	1.45238e+25
2.2137e-11	1.41203e+25
2.34299e-11	1.37298e+25
2.47983e-11	1.33495e+25
2.62466e-11	1.29765e+25
2.77795e-11	1.26177e+25
2.94019e-11	1.22831e+25
3.11191e-11	1.1929e+25
3.29366e-11	1.1611e+25
3.48602e-11	1.12792e+25
3.68962e-11	1.09815e+25
3.9051e-11	1.06756e+25
4.13318e-11	1.03841e+25
4.37457e-11	1.00959e+25
4.63006e-11	9.81174e+24
4.90047e-11	9.54477e+24
5.18668e-11	9.28885e+24
5.4896e-11	9.03301e+24
5.81022e-11	8.78648e+24
6.14955e-11	8.54431e+24
6.50871e-11	8.31396e+24
6.88884e-11	8.08192e+24
7.29118e-11	7.86694e+24
7.71701e-11	7.65316e+24
8.16771e-11	7.44312e+24
8.64474e-11	7.2432e+24
9.14962e-11	7.05602e+24
9.68399e-11	6.86471e+24
1.02496e-10	6.67771e+24
1.08482e-10	6.50053e+24
1.14818e-10	6.32368e+24
1.21523e-10	6.15607e+24
1.28621e-10	5.99144e+24
1.36133e-10	5.83018e+24
1.44083e-10	5.67775e+24
1.52498e-10	5.52599e+24
1.61405e-10	5.37931e+24
1.70832e-10	5.23921e+24
1.80809e-10	5.10547e+24
1.91369e-10	4.97338e+24
2.02545e-10	4.83892e+24
2.14375e-10	4.71579e+24
2.26895e-10	4.59473e+24
2.40147e-10	4.47443e+24
2.54172e-10	4.35809e+24
2.69017e-10	4.24643e+24
2.84728e-10	4.14086e+24
3.01357e-10	4.03607e+24
3.18958e-10	3.93172e+24
3.37586e-10	3.83328e+24
3.57302e-10	3.73553e+24
3.7817e-10	3.64366e+24
4.00257e-10	3.55303e+24
4.23633e-10	3.46225e+24
4.48375e-10	3.37745e+24
4.74562e-10	3.29307e+24
5.02278e-10	3.21057e+24
5.31613e-10	3.13517e+24
5.62661e-10	3.05544e+24
5.95522e-10	2.98411e+24
6.30303e-10	2.91025e+24
6.67115e-10	2.84161e+24
7.06077e-10	2.77343e+24
7.47315e-10	2.70645e+24
7.90961e-10	2.64346e+24
8.37156e-10	2.58121e+24
8.86049e-10	2.52097e+24
9.37797e-10	2.46463e+24
9.92568e-10	2.405e+24
1.05054e-09	2.35138e+24
1.11189e-09	2.29611e+24
1.17683e-09	2.24483e+24
1.24556e-09	2.19249e+24
1.31831e-09	2.14439e+24
1.3953e-09	2.09568e+24
1.47679e-09	2.04916e+24
1.56304e-09	2.00417e+24
1.65433e-09	1.95983e+24
1.75095e-09	1.91656e+24
1.85321e-09	1.87735e+24
1.96145e-09	1.83584e+24
2.076e-09	1.79697e+24
2.19725e-09	1.75884e+24
2.32558e-09	1.72192e+24
2.4614e-09	1.68558e+24
2.60515e-09	1.65013e+24
2.75731e-09	1.61623e+24
2.91834e-09	1.58461e+24
3.08878e-09	1.55114e+24
3.26918e-09	1.52046e+24
3.46011e-09	1.48926e+24
3.6622e-09	1.46035e+24
3.87608e-09	1.43086e+24
4.10246e-09	1.40374e+24
4.34206e-09	1.37641e+24
4.59565e-09	1.34979e+24
4.86406e-09	1.32449e+24
5.14813e-09	1.30001e+24
5.4488e-09	1.276e+24
5.76704e-09	1.25233e+24
6.10385e-09	1.22956e+24
6.46034e-09	1.20743e+24
6.83765e-09	1.18545e+24
7.23699e-09	1.16485e+24
7.65966e-09	1.14429e+24
8.10701e-09	1.12418e+24
8.58049e-09	1.10512e+24
9.08162e-09	1.08697e+24
9.61202e-09	1.0688e+24
1.01734e-08	1.05059e+24
1.07676e-08	1.03371e+24
1.13964e-08	1.01648e+24
1.2062e-08	1.00045e+24
1.27665e-08	9.84373e+23
1.35121e-08	9.68896e+23
1.43013e-08	9.53961e+23
1.51365e-08	9.39102e+23
1.60205e-08	9.24936e+23
1.69562e-08	9.11159e+23
1.79465e-08	8.97892e+23
1.89946e-08	8.85005e+23
2.0104e-08	8.71586e+23
2.12782e-08	8.59639e+23
2.25209e-08	8.46994e+23
2.38362e-08	8.35486e+23
2.52283e-08	8.23522e+23
2.67017e-08	8.12629e+23
2.82612e-08	8.01195e+23
2.99118e-08	7.90841e+23
3.16587e-08	7.80191e+23
3.35077e-08	7.70325e+23
3.54647e-08	7.60466e+23
3.7536e-08	7.50753e+23
3.97282e-08	7.41582e+23
4.20485e-08	7.32544e+23
4.45043e-08	7.23811e+23
4.71035e-08	7.15505e+23
4.98545e-08	7.06714e+23
5.27662e-08	6.99044e+23
5.58479e-08	6.91018e+23
5.91097e-08	6.83593e+23
6.25619e-08	6.75916e+23
6.62157e-08	6.68976e+23
7.0083e-08	6.61968e+23
7.41761e-08	6.55224e+23
7.85083e-08	6.48808e+23
8.30934e-08	6.42516e+23
8.79464e-08	6.36439e+23
9.30828e-08	6.30851e+23
9.85192e-08	6.24937e+23
1.04273e-07	6.19594e+23
1.10363e-07	6.14274e+23
1.16809e-07	6.09293e+23
1.23631e-07	6.0436e+23
1.30851e-07	5.99861e+23
1.38493e-07	5.95395e+23
1.46582e-07	5.91491e+23
1.55143e-07	5.87786e+23
1.64204e-07	5.84281e+23
1.73794e-07	5.81097e+23
1.83944e-07	5.78774e+23
1.94687e-07	5.76465e+23
2.06058e-07	5.74894e+23
2.18092e-07	5.74041e+23
2.30829e-07	5.74431e+23
2.44311e-07	5.75228e+23
2.58579e-07	5.76392e+23
2.73681e-07	5.77624e+23
2.89665e-07	5.74331e+23
3.06583e-07	5.70408e+23
3.24489e-07	5.63331e+23
3.4344e-07	5.54313e+23
3.63498e-07	5.45954e+23
3.84728e-07	5.37718e+23
4.07197e-07	5.31493e+23
4.30979e-07	5.25889e+23
4.5615e-07	5.21886e+23
4.82791e-07	5.17649e+23
5.10988e-07	5.13956e+23
5.40831e-07	5.11357e+23
5.72418e-07	5.08607e+23
6.05849e-07	5.05696e+23
6.41233e-07	5.03233e+23
6.78683e-07	5.01396e+23
7.18321e-07	4.99452e+23
7.60273e-07	4.97671e+23
8.04676e-07	4.96688e+23
8.51672e-07	4.95648e+23
9.01413e-07	4.95907e+23
9.54059e-07	4.97451e+23
1.00978e-06	4.98223e+23
1.06875e-06	4.94751e+23
1.13117e-06	4.91077e+23
1.19724e-06	4.87188e+23
1.26716e-06	4.83225e+23
1.34117e-06	4.79529e+23
1.4195e-06	4.75617e+23
1.5024e-06	4.71561e+23
1.59015e-06	4.70274e+23
1.68302e-06	4.68912e+23
1.78131e-06	4.69286e+23
1.88535e-06	4.73793e+23
1.99546e-06	4.78564e+23
2.112e-06	4.74805e+23
2.23535e-06	4.70449e+23
2.3659e-06	4.65839e+23
2.50408e-06	4.6096e+23
2.65033e-06	4.58354e+23
2.80512e-06	4.60096e+23
2.96895e-06	4.61939e+23
3.14235e-06	4.61852e+23
3.32587e-06	4.60508e+23
3.52011e-06	4.61023e+23
3.7257e-06	4.62888e+23
3.9433e-06	4.46182e+23
4.1736e-06	4.4523e+23
4.41735e-06	4.82035e+23
4.67534e-06	4.49122e+23
4.9484e-06	4.7575e+23
5.2374e-06	4.60717e+23
5.54329e-06	4.91143e+23
5.86704e-06	5.76182e+23
6.20969e-06	1.04003e+24
6.57236e-06	3.59777e+25
6.95621e-06	3.21458e+24
7.36248e-06	1.00061e+24
7.79248e-06	6.97723e+23
8.24759e-06	5.97257e+23
8.72928e-06	7.38107e+23
9.2391e-06	5.57889e+23
9.7787e-06	5.02676e+23
1.03498e-05	5.04039e+23
1.09543e-05	4.67512e+23
1.15941e-05	5.44393e+23
1.22712e-05	6.8446e+23
1.29879e-05	4.61239e+23
1.37464e-05	4.39958e+23
1.45493e-05	4.1883e+23
1.5399e-05	3.97294e+23
1.62983e-05	3.86712e+23
1.72502e-05	3.57484e+23
1.82577e-05	3.45454e+23
1.9324e-05	6.55572e+23
2.04526e-05	2.38531e+24
2.16471e-05	1.97317e+24
2.29114e-05	8.41913e+23
2.42495e-05	6.51393e+23
2.56658e-05	5.47235e+23
2.71647e-05	4.77084e+23
2.87513e-05	4.24459e+23
3.04305e-05	3.83498e+23
3.22077e-05	3.62319e+23
3.40888e-05	2.62238e+23
3.60797e-05	3.05189e+24
3.81869e-05	2.22569e+24
4.04171e-05	1.02007e+24
4.27776e-05	7.84783e+23
4.5276e-05	7.07209e+23
4.79203e-05	6.32501e+23
5.0719e-05	5.87506e+23
5.36812e-05	5.38094e+23
5.68164e-05	5.56937e+23
6.01346e-05	4.47324e+23
6.36467e-05	3.83186e+23
6.73639e-05	1.43292e+24
7.12982e-05	6.8141e+23
7.54623e-05	5.81543e+23
7.98696e-05	4.96199e+23
8.45343e-05	5.21231e+23
8.94714e-05	5.75439e+23
9.46969e-05	3.52923e+23
0.000100228	1.44449e+23
0.000106081	1.17487e+24
0.000112277	6.08978e+23
0.000118834	1.1068e+24
0.000125774	7.08175e+23
0.00013312	6.32706e+23
0.000140895	5.55824e+23
0.000149124	5.43777e+23
0.000157833	4.81237e+23
0.000167051	4.76821e+23
0.000176807	3.66729e+23
0.000187134	1.42225e+23
0.000198063	9.31101e+23
0.000209631	2.27808e+24
0.000221874	7.16739e+23
0.000234832	4.86143e+23
0.000248547	6.68144e+23
0.000263063	5.80082e+23
0.000278427	6.7673e+23
0.000294688	7.33282e+23
0.000311899	7.10355e+23
0.000330115	5.20544e+23
0.000349395	1.6533e+24
0.000369801	6.06327e+23
0.000391399	5.48527e+23
0.000414258	6.27373e+23
0.000438452	5.81671e+23
0.00046406	7.21352e+23
0.000491162	5.1544e+23
0.000519848	1.0188e+24
0.000550209	5.4312e+23
0.000582344	6.69681e+23
0.000616355	4.9394e+23
0.000652352	4.07728e+23
0.000690452	4.26306e+23
0.000730777	6.07444e+23
0.000773457	5.0106e+23
0.00081863	2.92051e+23
0.000866441	1.67763e+24
0.000917044	4.33197e+23
0.000970603	5.64967e+23
0.00102729	6.19581e+23
0.00108729	5.14556e+23
0.00115079	6.4753e+23
0.001218	5.48337e+23
0.00128913	6.15456e+23
0.00136443	4.68511e+23
0.00144411	2.12142e+24
0.00152845	8.78232e+23
0.00161772	4.60739e+23
0.0017122	1.00077e+24
0.0018122	6.99278e+23
0.00191804	1.98452e+24
0.00203006	2.75479e+24
0.00214862	2.71925e+23
0.00227411	6.62984e+23
0.00240693	4.74292e+23
0.0025475	1.40025e+25
0.00269629	1.75311e+24
0.00285376	3.97325e+23
0.00302043	5.16601e+23
0.00319683	5.77801e+23
0.00338354	5.6155e+23
0.00358115	9.15355e+23
0.00379031	9.43088e+23
0.00401167	6.25692e+23
0.00424597	5.63889e+23
0.00449395	4.44685e+23
0.00475641	5.94988e+23
0.00503421	5.07701e+23
0.00532822	5.58993e+23
0.00563941	3.9584e+24
0.00596877	6.81025e+23
0.00631737	5.01854e+23
0.00668633	4.75886e+23
0.00707684	8.3939e+23
0.00749015	5.09168e+23
0.0079276	6.05042e+23
0.00839061	5.51564e+23
0.00888065	5.37969e+23
0.00939931	4.68322e+23
0.00994827	5.06413e+23
0.0105293	7.43104e+23
0.0111442	7.38045e+23
0.0117951	7.32607e+23
0.012484	7.2778e+23
0.0132131	7.23034e+23
0.0139848	7.17974e+23
0.0148015	7.13579e+23
0.015666	7.08956e+23
0.016581	7.04625e+23
0.0175493	7.00332e+23
0.0185743	6.96113e+23
0.0196591	6.91965e+23
0.0208073	6.88058e+23
0.0220225	6.84111e+23
0.0233087	6.80076e+23
0.02467	6.76309e+23
0.0261108	6.72399e+23
0.0276358	6.68852e+23
0.0292498	6.65098e+23
0.0309581	6.61481e+23
0.0327662	6.57938e+23
0.0346799	6.5419e+23
0.0367053	6.5071e+23
0.038849	6.4712e+23
0.041118	6.43543e+23
0.0435194	6.39999e+23
0.0460611	6.36395e+23
0.0487512	6.32829e+23
0.0515985	6.29205e+23
0.054612	6.25534e+23
0.0578016	6.21889e+23
0.0611774	6.18184e+23
0.0647504	6.14487e+23
0.0685321	6.10578e+23
0.0725346	6.0668e+23
0.0767709	6.02704e+23
0.0812546	5.98581e+23
0.0860001	5.94452e+23
0.0910229	5.90138e+23
0.0963389	5.85801e+23
0.101966	5.81345e+23
0.107921	5.76896e+23
0.114224	5.72178e+23
0.120895	5.67208e+23
0.127955	5.62315e+23
0.135429	5.57145e+23
0.143338	5.5179e+23
0.15171	5.4635e+23
0.16057	5.40741e+23
0.169948	5.35071e+23
0.179873	5.29071e+23
0.190379	5.23042e+23
0.201497	5.16716e+23
0.213266	5.10365e+23
0.225721	5.03643e+23
0.238904	4.96866e+23
0.252857	4.89866e+23
0.267625	4.82737e+23
0.283255	4.75471e+23
0.299798	4.6778e+23
0.317308	4.62553e+23
0.33584	4.56413e+23
0.355454	4.49974e+23
0.376214	4.43224e+23
0.398186	4.36004e+23
0.421442	4.28982e+23
0.446055	4.21611e+23
0.472107	4.14577e+23
0.499679	4.07279e+23
0.528863	4.00469e+23
0.55975	3.93544e+23
0.592442	3.86836e+23
0.627042	3.80408e+23
0.663664	3.74132e+23
0.702424	3.68127e+23
0.743449	3.62588e+23
0.786869	3.57406e+23
0.832825	3.52718e+23
0.881465	3.48495e+23
0.932946	3.44974e+23
0.987433	3.41658e+23
1.0451	3.38623e+23
1.10614	3.35831e+23
1.17074	3.35505e+23
1.23912	3.35261e+23
1.31149	3.3523e+23
1.38808	3.35986e+23
1.46915	3.37426e+23
1.55496	3.37917e+23
1.64577	3.34935e+23
1.74189	3.27852e+23
1.84363	3.18788e+23
1.9513	3.09958e+23
2.06526	3.02325e+23
2.18588	2.96812e+23
2.31355	2.9259e+23
2.44867	2.90392e+23
2.59168	2.89842e+23
2.74304	2.90767e+23
2.90324	2.92516e+23
3.07281	2.9456e+23
3.25227	2.96808e+23
3.44221	2.98997e+23
3.64325	3.00546e+23
3.85603	3.01007e+23
4.08124	3.00039e+23
4.3196	2.97388e+23
4.57188	2.93337e+23
4.83889	2.87824e+23
5.1215	2.80509e+23
5.42062	2.71804e+23
5.7372	2.66622e+23
6.07227	2.63825e+23
6.42692	2.65736e+23
6.80227	2.67553e+23
7.19955	2.66954e+23
7.62003	2.62647e+23
8.06507	2.56059e+23
8.5361	2.48407e+23
9.03464	2.40332e+23
9.5623	2.31807e+23
10.1208	2.23952e+23
10.7119	2.17521e+23
11.3375	2.12068e+23
11.9996	2.07873e+23
12.7004	2.06095e+23
13.4422	2.09414e+23
14.2273	2.14613e+23
15.0582	2.18364e+23
15.9377	2.24532e+23
16.8685	2.26903e+23
17.8537	2.28664e+23
18.8964	2.32635e+23
20	2.42714e+23
