energy	macroscopic_cross_section
1e-11	8.15995e+25
1.0584e-11	7.94198e+25
1.12022e-11	7.71129e+25
1.18564e-11	7.50198e+25
1.25489e-11	7.28551e+25
1.32818e-11	7.08645e+25
1.40575e-11	6.88643e+25
1.48785e-11	6.69192e+25
1.57475e-11	6.50691e+25
1.66672e-11	6.3242e+25
1.76406e-11	6.14674e+25
1.86709e-11	5.98264e+25
1.97613e-11	5.80896e+25
2.09155e-11	5.64757e+25
2.2137e-11	5.48721e+25
2.34299e-11	5.33404e+25
2.47983e-11	5.18582e+25
2.62466e-11	5.04025e+25
2.77795e-11	4.89941e+25
2.94019e-11	4.76769e+25
3.11191e-11	4.62827e+25
3.29366e-11	4.50336e+25
3.48602e-11	4.37301e+25
3.68962e-11	4.2542e+25
3.9051e-11	4.13229e+25
4.13318e-11	4.01859e+25
4.37457e-11	3.90597e+25
4.63006e-11	3.79469e+25
4.90047e-11	3.69019e+25
5.18668e-11	3.58946e+25
5.4896e-11	3.48842e+25
5.81022e-11	3.39099e+25
6.14955e-11	3.29525e+25
6.50871e-11	3.20411e+25
6.88884e-11	3.11227e+25
7.29118e-11	3.02711e+25
7.71701e-11	2.94238e+25
8.16771e-11	2.85908e+25
8.64474e-11	2.77973e+25
9.14962e-11	2.70536e+25
9.68399e-11	2.62933e+25
1.02496e-10	2.55496e+25
1.08482e-10	2.48443e+25
1.14818e-10	2.41399e+25
1.21523e-10	2.34716e+25
1.28621e-10	2.28148e+25
1.36133e-10	2.21708e+25
1.44083e-10	2.15615e+25
1.52498e-10	2.09545e+25
1.61405e-10	2.03672e+25
1.70832e-10	1.98057e+25
1.80809e-10	1.92691e+25
1.91369e-10	1.87388e+25
2.02545e-10	1.81971e+25
2.14375e-10	1.76946e+25
2.26895e-10	1.72046e+25
2.40147e-10	1.67256e+25
2.54172e-10	1.62849e+25
2.69017e-10	1.58185e+25
2.84728e-10	1.53819e+25
3.01357e-10	1.49568e+25
3.18958e-10	1.45343e+25
3.37586e-10	1.41372e+25
3.57302e-10	1.37401e+25
3.7817e-10	1.33616e+25
4.00257e-10	1.29926e+25
4.23633e-10	1.26263e+25
4.48375e-10	1.22844e+25
4.74562e-10	1.19443e+25
5.02278e-10	1.16119e+25
5.31613e-10	1.13049e+25
5.62661e-10	1.09802e+25
5.95522e-10	1.06896e+25
6.30303e-10	1.03886e+25
6.67115e-10	1.01088e+25
7.06077e-10	9.83077e+24
7.47315e-10	9.55764e+24
7.90961e-10	9.3139e+24
8.37156e-10	9.05906e+24
8.86049e-10	8.80126e+24
9.37797e-10	8.5716e+24
9.92568e-10	8.32853e+24
1.05054e-09	8.11014e+24
1.11189e-09	7.88504e+24
1.17683e-09	7.6764e+24
1.24556e-09	7.46349e+24
1.31831e-09	7.26805e+24
1.3953e-09	7.07025e+24
1.47679e-09	6.88155e+24
1.56304e-09	6.70638e+24
1.65433e-09	6.53054e+24
1.75095e-09	6.3448e+24
1.85321e-09	6.18662e+24
1.96145e-09	6.0192e+24
2.076e-09	5.86652e+24
2.19725e-09	5.71809e+24
2.32558e-09	5.56099e+24
2.4614e-09	5.41762e+24
2.60515e-09	5.27974e+24
2.75731e-09	5.13513e+24
2.91834e-09	5.01006e+24
3.08878e-09	4.87767e+24
3.26918e-09	4.75656e+24
3.46011e-09	4.63343e+24
3.6622e-09	4.52533e+24
3.87608e-09	4.41671e+24
4.10246e-09	4.30174e+24
4.34206e-09	4.19137e+24
4.59565e-09	4.09376e+24
4.86406e-09	3.99045e+24
5.14813e-09	3.89599e+24
5.4488e-09	3.81049e+24
5.76704e-09	3.71999e+24
6.10385e-09	3.6242e+24
6.46034e-09	3.53918e+24
6.83765e-09	3.46122e+24
7.23699e-09	3.37871e+24
7.65966e-09	3.29912e+24
8.10701e-09	3.22838e+24
8.58049e-09	3.15351e+24
9.08162e-09	3.08507e+24
9.61202e-09	3.01847e+24
1.01734e-08	2.95347e+24
1.07676e-08	2.89764e+24
1.13964e-08	2.83855e+24
1.2062e-08	2.77601e+24
1.27665e-08	2.7169e+24
1.35121e-08	2.66664e+24
1.43013e-08	2.61345e+24
1.51365e-08	2.55939e+24
1.60205e-08	2.51435e+24
1.69562e-08	2.46667e+24
1.79465e-08	2.4211e+24
1.89946e-08	2.37918e+24
2.0104e-08	2.33595e+24
2.12782e-08	2.30173e+24
2.25209e-08	2.26551e+24
2.38362e-08	2.22718e+24
2.52283e-08	2.1866e+24
2.67017e-08	2.16111e+24
2.82612e-08	2.13507e+24
2.99118e-08	2.10752e+24
3.16587e-08	2.07835e+24
3.35077e-08	2.04748e+24
3.54647e-08	2.01481e+24
3.7536e-08	1.98023e+24
3.97282e-08	1.95958e+24
4.20485e-08	1.93866e+24
4.45043e-08	1.91651e+24
4.71035e-08	1.89307e+24
4.98545e-08	1.86826e+24
5.27662e-08	1.8514e+24
5.58479e-08	1.83408e+24
5.91097e-08	1.81575e+24
6.25619e-08	1.79647e+24
6.62157e-08	1.78251e+24
7.0083e-08	1.76774e+24
7.41761e-08	1.75211e+24
7.85083e-08	1.73929e+24
8.30934e-08	1.72664e+24
8.79464e-08	1.71355e+24
9.30828e-08	1.70284e+24
9.85192e-08	1.69151e+24
1.04273e-07	1.68215e+24
1.10363e-07	1.6732e+24
1.16809e-07	1.66374e+24
1.23631e-07	1.65372e+24
1.30851e-07	1.64594e+24
1.38493e-07	1.63842e+24
1.46582e-07	1.63045e+24
1.55143e-07	1.62346e+24
1.64204e-07	1.61706e+24
1.73794e-07	1.61028e+24
1.83944e-07	1.60468e+24
1.94687e-07	1.59897e+24
2.06058e-07	1.59409e+24
2.18092e-07	1.59e+24
2.30829e-07	1.58567e+24
2.44311e-07	1.58109e+24
2.58579e-07	1.57624e+24
2.73681e-07	1.5711e+24
2.89665e-07	1.56779e+24
3.06583e-07	1.56448e+24
3.24489e-07	1.56097e+24
3.4344e-07	1.55727e+24
3.63498e-07	1.55426e+24
3.84728e-07	1.55156e+24
4.07197e-07	1.54869e+24
4.30979e-07	1.54589e+24
4.5615e-07	1.54363e+24
4.82791e-07	1.54124e+24
5.10988e-07	1.53902e+24
5.40831e-07	1.53719e+24
5.72418e-07	1.53525e+24
6.05849e-07	1.5332e+24
6.41233e-07	1.53135e+24
6.78683e-07	1.5298e+24
7.18321e-07	1.52817e+24
7.60273e-07	1.52655e+24
8.04676e-07	1.52523e+24
8.51672e-07	1.52384e+24
9.01413e-07	1.52255e+24
9.54059e-07	1.52137e+24
1.00978e-06	1.52019e+24
1.06875e-06	1.51925e+24
1.13117e-06	1.51826e+24
1.19724e-06	1.51722e+24
1.26716e-06	1.5162e+24
1.34117e-06	1.51541e+24
1.4195e-06	1.51457e+24
1.5024e-06	1.51369e+24
1.59015e-06	1.51301e+24
1.68302e-06	1.5123e+24
1.78131e-06	1.5116e+24
1.88535e-06	1.51099e+24
1.99546e-06	1.51035e+24
2.112e-06	1.5099e+24
2.23535e-06	1.50943e+24
2.3659e-06	1.50894e+24
2.50408e-06	1.50842e+24
2.65033e-06	1.50786e+24
2.80512e-06	1.50737e+24
2.96895e-06	1.507e+24
3.14235e-06	1.50662e+24
3.32587e-06	1.50621e+24
3.52011e-06	1.5058e+24
3.7257e-06	1.5055e+24
3.9433e-06	1.50518e+24
4.1736e-06	1.50485e+24
4.41735e-06	1.50456e+24
4.67534e-06	1.50429e+24
4.9484e-06	1.50401e+24
5.2374e-06	1.50378e+24
5.54329e-06	1.50356e+24
5.86704e-06	1.50333e+24
6.20969e-06	1.50308e+24
6.57236e-06	1.50289e+24
6.95621e-06	1.5027e+24
7.36248e-06	1.5025e+24
7.79248e-06	1.50232e+24
8.24759e-06	1.50216e+24
8.72928e-06	1.50199e+24
9.2391e-06	1.50184e+24
9.7787e-06	1.50169e+24
1.03498e-05	1.50156e+24
1.09543e-05	1.50144e+24
1.15941e-05	1.50131e+24
1.22712e-05	1.50118e+24
1.29879e-05	1.50106e+24
1.37464e-05	1.50096e+24
1.45493e-05	1.50085e+24
1.5399e-05	1.50075e+24
1.62983e-05	1.50065e+24
1.72502e-05	1.50056e+24
1.82577e-05	1.50047e+24
1.9324e-05	1.50039e+24
2.04526e-05	1.50031e+24
2.16471e-05	1.50025e+24
2.29114e-05	1.50018e+24
2.42495e-05	1.50011e+24
2.56658e-05	1.50003e+24
2.71647e-05	1.49996e+24
2.87513e-05	1.4999e+24
3.04305e-05	1.49984e+24
3.22077e-05	1.49979e+24
3.40888e-05	1.49972e+24
3.60797e-05	1.49967e+24
3.81869e-05	1.49962e+24
4.04171e-05	1.49957e+24
4.27776e-05	1.49952e+24
4.5276e-05	1.49948e+24
4.79203e-05	1.49944e+24
5.0719e-05	1.49939e+24
5.36812e-05	1.49936e+24
5.68164e-05	1.49932e+24
6.01346e-05	1.49928e+24
6.36467e-05	1.49924e+24
6.73639e-05	1.49921e+24
7.12982e-05	1.49918e+24
7.54623e-05	1.49914e+24
7.98696e-05	1.49911e+24
8.45343e-05	1.49908e+24
8.94714e-05	1.49905e+24
9.46969e-05	1.49901e+24
0.000100228	1.49896e+24
0.000106081	1.49877e+24
0.000112277	1.49856e+24
0.000118834	1.49835e+24
0.000125774	1.49812e+24
0.00013312	1.49792e+24
0.000140895	1.49771e+24
0.000149124	1.49748e+24
0.000157833	1.49727e+24
0.000167051	1.49706e+24
0.000176807	1.49684e+24
0.000187134	1.49663e+24
0.000198063	1.49642e+24
0.000209631	1.49623e+24
0.000221874	1.49603e+24
0.000234832	1.49583e+24
0.000248547	1.49561e+24
0.000263063	1.49539e+24
0.000278427	1.49516e+24
0.000294688	1.49497e+24
0.000311899	1.49476e+24
0.000330115	1.49455e+24
0.000349395	1.49432e+24
0.000369801	1.49413e+24
0.000391399	1.49392e+24
0.000414258	1.49371e+24
0.000438452	1.4935e+24
0.00046406	1.4933e+24
0.000491162	1.49308e+24
0.000519848	1.49289e+24
0.000550209	1.49269e+24
0.000582344	1.49248e+24
0.000616355	1.49226e+24
0.000652352	1.49206e+24
0.000690452	1.49186e+24
0.000730777	1.49165e+24
0.000773457	1.49144e+24
0.00081863	1.49124e+24
0.000866441	1.49102e+24
0.000917044	1.4908e+24
0.000970603	1.49058e+24
0.00102729	1.48992e+24
0.00108729	1.48877e+24
0.00115079	1.48754e+24
0.001218	1.48624e+24
0.00128913	1.485e+24
0.00136443	1.48381e+24
0.00144411	1.48254e+24
0.00152845	1.48127e+24
0.00161772	1.48007e+24
0.0017122	1.4788e+24
0.0018122	1.47757e+24
0.00191804	1.47634e+24
0.00203006	1.47511e+24
0.00214862	1.47404e+24
0.00227411	1.4729e+24
0.00240693	1.47169e+24
0.0025475	1.47041e+24
0.00269629	1.46906e+24
0.00285376	1.46784e+24
0.00302043	1.46666e+24
0.00319683	1.46541e+24
0.00338354	1.46408e+24
0.00358115	1.46281e+24
0.00379031	1.46165e+24
0.00401167	1.46042e+24
0.00424597	1.45912e+24
0.00449395	1.45793e+24
0.00475641	1.45667e+24
0.00503421	1.45514e+24
0.00532822	1.45207e+24
0.00563941	1.44881e+24
0.00596877	1.44537e+24
0.00631737	1.44185e+24
0.00668633	1.43867e+24
0.00707684	1.4353e+24
0.00749015	1.43174e+24
0.0079276	1.42855e+24
0.00839061	1.42517e+24
0.00888065	1.42173e+24
0.00939931	1.41844e+24
0.00994827	1.41497e+24
0.0105293	1.40953e+24
0.0111442	1.4036e+24
0.0117951	1.39732e+24
0.012484	1.39068e+24
0.0132131	1.38497e+24
0.0139848	1.37897e+24
0.0148015	1.37262e+24
0.015666	1.36674e+24
0.016581	1.3608e+24
0.0175493	1.35455e+24
0.0185743	1.34883e+24
0.0196591	1.34277e+24
0.0208073	1.33544e+24
0.0220225	1.32728e+24
0.0233087	1.31865e+24
0.02467	1.3095e+24
0.0261108	1.29983e+24
0.0276358	1.28968e+24
0.0292498	1.27989e+24
0.0309581	1.26954e+24
0.0327662	1.25857e+24
0.0346799	1.24697e+24
0.0367053	1.23594e+24
0.038849	1.2245e+24
0.041118	1.2124e+24
0.0435194	1.19993e+24
0.0460611	1.18721e+24
0.0487512	1.17375e+24
0.0515985	1.16023e+24
0.054612	1.14652e+24
0.0578016	1.13201e+24
0.0611774	1.11666e+24
0.0647504	1.10159e+24
0.0685321	1.08637e+24
0.0725346	1.07026e+24
0.0767709	1.05408e+24
0.0812546	1.03824e+24
0.0860001	1.02147e+24
0.0910229	1.00495e+24
0.0963389	9.88021e+23
0.101966	9.70998e+23
0.107921	9.54742e+23
0.114224	9.37537e+23
0.120895	9.19326e+23
0.127955	9.01387e+23
0.135429	8.84363e+23
0.143338	8.66345e+23
0.15171	8.47936e+23
0.16057	8.31181e+23
0.169948	8.13447e+23
0.179873	7.95952e+23
0.190379	7.78836e+23
0.201497	7.61036e+23
0.213266	7.44347e+23
0.225721	7.27579e+23
0.238904	7.10948e+23
0.252857	6.95138e+23
0.267625	6.7957e+23
0.283255	6.64517e+23
0.299798	6.50318e+23
0.317308	6.37852e+23
0.33584	6.27898e+23
0.355454	6.2322e+23
0.376214	6.31842e+23
0.398186	6.82743e+23
0.421442	8.82109e+23
0.446055	8.97523e+23
0.472107	6.47693e+23
0.499679	5.60962e+23
0.528863	5.22888e+23
0.55975	4.98458e+23
0.592442	4.79831e+23
0.627042	4.64076e+23
0.663664	4.49715e+23
0.702424	4.36495e+23
0.743449	4.24613e+23
0.786869	4.14129e+23
0.832825	4.06452e+23
0.881465	4.06195e+23
0.932946	4.3508e+23
0.987433	5.48116e+23
1.0451	4.65319e+23
1.10614	3.87474e+23
1.17074	3.57207e+23
1.23912	3.45794e+23
1.31149	4.69549e+23
1.38808	3.22596e+23
1.46915	3.01945e+23
1.55496	2.89105e+23
1.64577	3.11546e+23
1.74189	2.67277e+23
1.84363	2.82428e+23
1.9513	2.58268e+23
2.06526	2.41251e+23
2.18588	2.28219e+23
2.31355	1.92991e+23
2.44867	2.03041e+23
2.59168	2.03986e+23
2.74304	1.98337e+23
2.90324	1.92659e+23
3.07281	1.97671e+23
3.25227	2.42725e+23
3.44221	2.97355e+23
3.64325	2.37763e+23
3.85603	2.10964e+23
4.08124	1.66226e+23
4.3196	2.20251e+23
4.57188	1.60396e+23
4.83889	1.79094e+23
5.1215	2.24491e+23
5.42062	1.35539e+23
5.7372	1.45076e+23
6.07227	1.39042e+23
6.42692	1.27291e+23
6.80227	1.33902e+23
7.19955	1.43659e+23
7.62003	1.1765e+23
8.06507	1.0551e+23
8.5361	1.0912e+23
9.03464	1.1295e+23
9.5623	1.0592e+23
10.1208	1.09008e+23
10.7119	1.00343e+23
11.3375	1.1061e+23
11.9996	1.08383e+23
12.7004	1.02434e+23
13.4422	1.01311e+23
14.2273	9.94031e+22
15.0582	1.01667e+23
15.9377	9.39492e+22
16.8685	9.14334e+22
17.8537	9.05823e+22
18.8964	9.03452e+22
20	8.70801e+22
